len:8
width:8
hight:4
157 157 157 157 157 157 157 157
158 158 158 158 158 158 158 158
159 159 159 159 159 159 159 159
158 158 158 158 158 158 158 158

157 157 156 158 160 160 159 157
158 157 157 158 160 161 160 158
159 158 157 158 160 161 160 159
158 157 155 156 158 159 159 158

162 161 160 159 160 161 163 164
162 162 161 161 161 162 164 165
163 162 162 162 162 163 164 165
161 161 161 161 162 162 163 163

160 161 162 164 164 165 165 164
161 161 163 164 165 165 165 165
160 161 163 164 165 165 165 165
159 160 161 162 163 163 163 163

163 163 163 164 164 165 165 165
164 164 164 165 165 165 166 166
164 164 165 165 165 166 166 166
163 163 164 164 165 165 165 165

166 166 166 167 167 168 168 168
167 167 167 168 168 168 169 169
167 167 168 168 168 169 169 169
166 166 167 167 168 168 168 168

169 169 169 169 169 169 169 169
170 170 170 170 170 170 170 170
170 170 170 170 170 170 170 170
169 169 169 169 169 169 169 169

171 171 170 170 171 171 172 173
171 171 170 170 171 172 173 173
170 170 170 170 170 171 172 173
169 169 168 168 169 169 170 171

